26 18 33 
18 20 28 
12 24 28 
22 25 34 
28 29 37 
32 27 40 
28 28 41 
34 32 42 
31 39 44 
38 34 44 
30 46 42 
38 42 45 
44 26 47 
51 19 47 
34 22 37 
32 26 35 
33 27 39 
22 31 30 
34 38 41 
40 21 42 
23 10 29 
16 5 20 
10 17 16 
10 13 17 
14 24 19 
16 21 21 
19 30 27 
22 43 33 
28 51 43 
46 33 49 
46 14 46 
26 7 28 
23 16 24 
22 15 27 
23 21 27 
24 20 30 
29 24 34 
20 33 29 
24 28 31 
18 26 27 
19 40 27 
22 37 40 
38 25 40 
34 32 39 
35 36 40 
37 27 46 
32 16 36 
22 20 25 
21 40 26 
34 21 41 
32 16 32 
26 26 29 
29 29 32 
32 25 39 
32 28 41 
32 32 39 
32 34 40 
37 33 42 
38 31 45 
34 28 41 
36 24 36 
34 25 35 
34 26 35 
36 31 40 
36 31 40 
32 33 36 
34 30 37 
35 37 45 
29 45 43 
42 41 47 
48 32 50 
43 28 45 
28 30 35 
28 36 39 
32 33 37 
28 31 34 
26 28 32 
31 25 38 
30 20 39 
26 24 35 
31 31 35 
34 33 39 
37 35 40 
34 35 38 
42 36 45 
38 37 45 
40 40 44 
42 44 48 
44 44 50 
41 48 49 
48 35 50 
34 35 38 
36 35 40 
40 42 43 
48 41 53 
36 53 44 
39 50 48 
53 53 62 
58 47 67 
54 40 65 
48 42 54 
37 41 44 
44 40 50 
44 54 52 
42 55 52 
50 49 55 
58 46 63 
48 51 55 
62 37 63 
54 39 52 
42 42 46 
39 53 48 
38 49 47 
56 44 57 
52 45 56 
44 51 59 
48 56 60 
51 57 60 
57 61 55 
54 73 60 
50 70 58 
55 49 61 
48 44 58 
48 60 59 
44 59 55 
48 61 58 
58 62 63 
60 64 59 
60 61 61 
65 46 69 
63 52 66 
59 46 61 
47 50 52 
45 71 52 
48 72 62 
61 68 71 
58 63 65 
55 68 61 
58 72 57 
68 77 69 
64 73 77 
58 63 69 
64 48 72 
60 49 55 
46 51 50 
47 56 57 
55 58 62 
56 66 62 
63 74 70 
74 74 81 
76 71 83 
77 70 82 
78 53 79 
70 56 72 
58 61 66 
59 64 66 
62 58 65 
55 60 61 
64 62 67 
66 68 72 
60 68 66 
58 72 72 
62 75 71 
57 66 62 
62 67 63 
65 69 71 
60 78 73 
70 74 77 
65 64 74 
65 64 68 
62 71 71 
70 75 73 
72 74 75 
76 77 79 
80 78 83 
78 76 82 
74 73 80 
66 77 80 
70 75 79 
76 68 77 
75 70 80 
76 67 75 
72 64 77 
74 66 78 
81 70 81 
83 73 83 
82 74 85 
78 79 85 
75 78 81 
68 79 81 
75 76 80 
76 73 80 
72 71 73 
71 73 74 
78 80 82 
80 80 86 
78 83 86 
80 85 88 
82 86 90 
84 84 90 
84 80 87 
73 78 83 
72 79 81 
75 71 80 
75 66 76 
60 69 66 
65 66 74 
70 60 76 
72 62 74 
75 67 77 
70 66 75 
68 69 75 
71 71 71 
72 73 75 
70 73 73 
67 68 73 
62 67 70 
63 75 73 
66 78 75 
72 72 76 
73 71 80 
72 73 77 
65 71 73 
68 75 76 
68 64 73 
66 64 68 
63 65 69 
68 69 73 
65 69 74 
65 70 72 
68 71 73 
72 77 78 
72 79 81 
74 73 75 
71 72 77 
64 73 73 
65 77 74 
70 81 76 
73 87 79 
72 77 79 
62 78 76 
70 82 78 
74 75 80 
74 75 80 
76 70 78 
72 67 75 
67 72 74 
59 67 72 
54 72 65 
62 77 70 
60 74 74 
54 81 65 
64 86 78 
80 83 87 
76 72 79 
68 60 68 
58 60 61 
57 59 62 
56 58 65 
49 60 58 
54 71 62 
60 77 67 
60 67 70 
62 60 69 
60 58 62 
52 57 58 
52 60 60 
54 61 63 
58 63 65 
56 67 63 
57 70 65 
54 60 65 
55 61 66 
58 71 71 
63 69 74 
60 69 71 
54 70 76 
62 71 70 
55 55 68 
66 57 68 
52 59 61 
48 60 58 
50 60 60 
56 64 64 
50 60 66 
48 54 61 
47 52 59 
55 57 63 
54 51 62 
60 47 67 
54 45 62 
51 48 58 
50 49 57 
50 44 58 
50 36 59 
41 39 50 
44 38 48 
38 40 47 
40 46 48 
47 42 52 
42 44 52 
36 50 50 
40 53 54 
44 55 60 
62 46 65 
54 43 62 
39 43 46 
32 50 41 
34 53 48 
48 46 55 
52 37 54 
39 38 45 
36 50 44 
46 42 53 
44 36 48 
37 28 42 
28 30 34 
38 41 43 
43 44 51 
45 52 53 
40 56 56 
55 37 58 
38 34 44 
30 37 38 
31 46 44 
42 35 54 
37 21 43 
23 19 27 
24 27 29 
34 26 40 
49 21 49 
28 27 33 
26 26 34 
21 40 32 
32 36 43 
36 37 45 
37 44 46 
32 48 47 
38 30 54 
44 17 50 
31 15 37 
24 21 31 
30 13 35 
29 10 34 
26 11 30 
18 8 27 
20 23 29 
14 27 28 
26 17 35 
22 14 29 
7 25 28 
23 25 30 
32 36 39 
37 35 47 
48 33 58 
43 29 66 
32 13 53 
30 8 34 
18 23 25 
20 24 33 
26 31 36 
34 42 46 
33 26 45 
30 7 34 
17 7 27 
18 16 29 
10 10 26 
5 4 14 
7 25 19 
22 13 34 
42 -9 37 
16 -4 12 
11 6 16 
19 12 27 
21 34 34 
46 36 48 
44 36 46 
40 36 44 
45 29 48 
36 19 40 
32 27 38 
36 16 39 
30 14 34 
28 24 31 
32 24 40 
14 7 23 
11 8 13 
10 3 14 
9 11 15 
24 20 24 
16 19 26 
30 0 33 
14 -4 17 
18 12 19 
18 27 23 
29 23 32 
34 26 41 
40 10 48 
26 8 38 
21 16 29 
25 17 32 
16 6 27 
16 4 28 
18 11 25 
24 12 26 
16 5 25 
10 3 21 
10 10 19 
22 21 30 
30 17 36 
26 14 32 
24 23 26 
14 26 25 
13 31 33 
22 37 40 
37 42 44 
34 32 43 
36 28 47 
36 22 49 
29 19 36 
22 14 29 
18 10 26 
14 11 24 
13 17 17 
16 21 29 
32 8 36 
17 9 25 
11 20 21 
20 21 33 
17 25 24 
18 30 32 
34 30 46 
31 31 40 
32 47 44 
42 42 56 
40 24 44 
25 26 26 
23 45 34 
44 34 50 
28 23 36 
21 30 29 
24 40 36 
28 40 39 
42 39 47 
36 44 45 
38 34 52 
33 26 35 
21 28 28 
23 26 33 
29 27 30 
30 45 33 
44 45 50 
43 35 51 
37 41 44 
36 55 46 
41 45 50 
42 40 48 
40 39 57 
38 41 44 
44 41 47 
42 44 49 
45 45 48 
53 50 55 
46 48 53 
44 54 50 
58 54 66 
54 62 62 
54 56 66 
58 47 67 
53 32 48 
36 39 40 
34 51 42 
36 45 42 
48 52 55 
40 60 53 
50 66 54 
60 49 61 
50 42 53 
48 52 52 
50 58 54 
44 49 57 
44 51 53 
47 50 56 
42 53 48 
42 48 47 
53 46 65 
56 50 63 
52 57 63 
52 51 60 
55 49 60 
52 52 62 
50 63 60 
54 70 56 
52 64 59 
67 62 70 
68 67 71 
66 74 75 
49 60 63 
54 50 62 
68 48 65 
67 42 63 
64 50 62 
56 58 59 
56 57 61 
58 74 66 
57 75 69 
55 62 63 
56 59 64 
56 61 64 
59 67 68 
64 74 76 
60 72 75 
44 64 59 
50 65 59 
58 66 65 
54 71 65 
56 77 66 
66 76 70 
66 74 76 
58 63 73 
56 64 69 
62 65 69 
68 71 71 
68 63 76 
70 67 68 
70 61 71 
62 62 66 
62 69 67 
62 65 72 
66 66 67 
64 72 70 
64 78 72 
73 84 80 
75 72 83 
71 69 73 
62 74 72 
60 72 70 
60 73 72 
64 74 73 
70 79 75 
76 70 78 
70 69 78 
66 74 75 
68 79 77 
68 77 76 
74 77 77 
76 74 81 
81 63 82 
80 66 78 
68 69 70 
68 69 72 
71 75 75 
76 80 81 
78 74 81 
76 71 80 
71 70 78 
70 71 79 
70 75 78 
74 77 78 
76 71 78 
78 63 79 
70 64 75 
70 66 74 
67 69 73 
66 69 72 
67 71 72 
68 75 76 
74 80 79 
80 67 80 
70 66 75 
67 65 74 
70 76 75 
70 76 78 
74 66 75 
68 70 70 
64 69 72 
68 72 75 
72 74 78 
67 73 69 
65 75 71 
70 77 77 
73 72 81 
72 71 77 
64 71 75 
68 74 74 
68 73 77 
70 75 78 
70 75 79 
70 66 75 
67 70 75 
64 65 70 
62 65 67 
65 72 71 
68 68 74 
64 74 72 
62 78 73 
63 76 77 
62 75 74 
66 79 72 
64 77 72 
66 79 72 
71 80 76 
73 78 80 
75 75 80 
68 72 74 
62 79 71 
62 77 73 
72 77 82 
78 77 82 
79 75 85 
72 72 79 
68 78 78 
74 76 80 
78 68 79 
65 67 73 
60 66 70 
60 71 68 
62 68 72 
67 53 76 
61 50 70 
56 50 64 
55 54 62 
50 57 63 
54 56 64 
54 59 64 
56 62 67 
46 66 60 
52 70 66 
68 60 71 
59 57 63 
52 63 62 
54 66 65 
52 65 61 
60 65 68 
64 67 72 
67 66 74 
65 68 73 
55 53 67 
55 60 63 
49 68 66 
48 54 64 
58 41 61 
51 46 54 
50 52 60 
62 57 67 
63 55 68 
54 53 62 
52 49 58 
42 48 55 
45 51 56 
46 62 59 
65 59 70 
66 53 73 
66 53 66 
64 55 65 
62 43 63 
48 44 50 
44 56 51 
52 49 61 
50 46 54 
50 48 52 
48 60 57 
52 61 59 
49 53 58 
50 64 56 
50 57 63 
58 43 62 
46 42 53 
43 40 50 
41 36 45 
36 38 45 
42 53 50 
44 52 61 
50 47 60 
42 45 53 
41 36 47 
40 42 42 
41 44 52 
42 52 53 
46 45 57 
51 28 56 
38 27 42 
34 24 39 
30 24 38 
30 25 40 
37 16 46 
31 14 35 
28 25 29 
36 21 38 
29 21 33 
30 43 36 
48 50 50 
50 37 61 
50 22 60 
38 23 43 
31 21 36 
26 26 33 
21 40 36 
40 37 50 
49 22 54 
32 26 39 
40 31 44 
32 29 41 
28 36 39 
34 33 45 
27 31 36 
20 35 31 
34 35 39 
38 31 36 
33 28 35 
32 30 35 
34 41 39 
36 48 42 
32 44 43 
34 37 44 
42 27 48 
38 24 40 
30 30 35 
27 31 32 
31 34 34 
34 35 40 
39 43 45 
40 38 51 
49 38 53 
40 43 45 
42 40 50 
44 29 49 
32 25 39 
22 15 31 
19 11 30 
20 23 33 
34 25 39 
26 32 38 
40 18 49 
29 2 35 
10 3 21 
12 0 16 
6 5 15 
19 6 26 
11 11 20 
16 27 28 
32 22 37 
20 11 27 
14 10 24 
24 26 30 
24 29 32 
14 34 25 
34 34 37 
36 33 39 
30 33 36 
22 31 31 
29 30 36 
26 30 34 
30 36 36 
27 29 37 
14 21 27 
15 26 25 
14 27 25 
10 32 28 
25 24 29 
14 28 20 
13 25 28 
12 13 24 
11 14 20 
18 15 34 
20 7 28 
6 22 20 
20 30 33 
18 32 33 
12 23 27 
21 24 33 
12 27 28 
13 13 28 
10 16 15 
6 14 24 
8 6 15 
6 12 12 
13 14 21 
18 3 26 
15 -2 18 
10 6 11 
12 25 23 
29 15 38 
16 4 23 
2 17 14 
18 18 29 
18 10 27 
14 6 24 
12 6 21 
12 18 28 
28 23 33 
17 29 30 
35 21 40 
28 10 30 
14 14 20 
24 34 28 
29 34 43 
32 38 47 
34 43 46 
45 41 52 
32 42 42 
26 51 37 
32 49 46 
34 46 40 
35 58 44 
37 37 46 
24 39 34 
24 42 36 
21 44 34 
32 41 38 
28 31 36 
22 30 31 
26 28 36 
32 38 42 
42 37 52 
36 26 43 
32 28 33 
31 36 36 
35 48 45 
39 49 41 
35 54 42 
41 58 54 
55 42 62 
42 43 51 
37 51 52 
39 48 53 
39 42 52 
36 45 41 
34 56 40 
44 51 48 
49 50 51 
48 55 55 
52 57 59 
57 53 60 
50 54 62 
45 56 58 
55 62 63 
52 56 70 
47 58 56 
45 47 52 
54 46 59 
52 40 59 
42 44 47 
40 43 46 
42 44 50 
46 46 55 
50 47 56 
52 47 61 
52 50 64 
52 45 58 
47 53 56 
48 63 61 
58 67 66 
65 65 71 
64 52 76 
62 62 66 
62 68 68 
59 72 69 
60 56 64 
75 50 72 
66 58 77 
65 50 75 
62 46 62 
56 55 62 
54 67 65 
62 71 66 
66 74 74 
56 63 68 
61 47 70 
55 44 61 
52 57 57 
62 57 65 
52 63 60 
64 66 69 
67 72 75 
75 69 78 
76 67 78 
74 68 78 
66 72 75 
70 58 76 
60 49 72 
48 52 55 
46 56 53 
53 64 61 
56 69 60 
58 63 63 
62 62 68 
57 68 65 
64 73 71 
70 73 76 
69 80 74 
76 65 81 
70 62 81 
73 71 79 
67 76 77 
58 74 74 
64 64 72 
67 64 74 
66 69 68 
73 61 78 
62 66 70 
70 76 80 
73 75 79 
74 73 83 
72 70 76 
68 70 74 
64 63 75 
62 66 65 
55 67 68 
62 70 70 
68 67 75 
72 62 76 
67 61 75 
66 66 74 
65 70 72 
68 72 76 
70 75 78 
74 63 82 
76 61 83 
68 68 74 
72 71 78 
70 70 79 
74 76 81 
75 77 81 
71 72 78 
76 67 77 
65 67 72 
64 82 74 
70 81 78 
79 75 86 
81 74 88 
75 74 82 
72 74 77 
69 74 77 
68 74 79 
62 80 79 
70 72 82 
72 78 79 
77 79 85 
77 79 87 
79 77 82 
76 77 81 
74 76 82 
70 79 80 
78 75 83 
76 72 79 
70 72 80 
68 74 75 
65 73 77 
65 75 75 
65 74 77 
69 76 77 
68 74 76 
73 71 78 
69 75 75 
68 79 78 
78 80 83 
76 80 85 
77 78 87 
78 75 82 
78 69 82 
76 67 82 
78 69 79 
72 71 78 
68 69 78 
74 65 80 
73 66 82 
74 62 76 
68 64 75 
66 64 73 
66 67 77 
73 70 81 
76 73 84 
70 78 83 
74 81 83 
74 81 84 
63 77 79 
63 78 75 
70 81 76 
76 82 81 
82 75 87 
80 68 83 
68 64 75 
66 61 74 
66 58 74 
63 59 71 
62 67 68 
67 72 73 
68 70 77 
71 73 79 
68 70 78 
69 62 76 
63 62 72 
56 63 66 
58 67 67 
58 69 70 
60 66 71 
55 67 70 
52 68 67 
52 68 64 
62 71 72 
74 62 78 
68 57 69 
56 56 60 
50 56 53 
49 51 52 
48 54 58 
51 58 60 
52 63 63 
54 63 66 
54 64 66 
58 56 70 
48 54 58 
54 65 61 
58 64 67 
59 55 67 
57 53 63 
48 58 58 
48 46 59 
44 43 49 
36 47 44 
35 60 44 
54 66 59 
55 64 67 
60 57 67 
44 58 55 
36 56 49 
52 52 58 
42 49 52 
40 53 52 
46 47 61 
64 42 65 
49 46 55 
40 49 49 
52 54 60 
52 60 59 
53 57 60 
52 60 63 
58 65 64 
66 53 70 
56 44 63 
46 40 51 
43 43 51 
42 44 54 
46 50 54 
49 49 56 
50 40 52 
40 41 46 
40 54 49 
46 50 59 
34 54 46 
34 55 52 
48 41 61 
50 36 55 
38 26 48 
35 17 49 
32 31 39 
30 31 39 
32 41 43 
42 54 51 
56 45 58 
47 34 53 
33 33 43 
30 41 40 
28 40 48 
40 35 52 
42 33 50 
37 40 47 
40 38 46 
39 37 46 
42 33 48 
36 43 45 
39 46 48 
47 49 56 
45 46 56 
50 52 61 
48 55 61 
48 52 60 
52 41 61 
38 44 50 
44 32 55 
42 28 48 
34 23 38 
34 37 39 
39 47 48 
52 38 58 
44 50 58 
58 38 68 
50 38 62 
43 40 53 
42 38 54 
30 35 40 
30 34 40 
26 28 43 
37 25 45 
34 25 38 
32 26 36 
34 26 40 
21 27 25 
15 25 20 
27 29 33 
26 38 39 
28 39 39 
36 32 44 
46 13 50 
33 12 33 
24 12 35 
22 12 26 
22 34 30 
26 37 43 
32 20 47 
30 4 36 
22 2 25 
18 9 22 
24 18 32 
22 19 31 
22 25 26 
21 27 26 
26 29 28 
28 33 34 
36 30 43 
35 29 41 
30 34 37 
34 28 36 
34 41 34 
46 41 46 
52 38 52 
46 35 44 
36 33 51 
51 26 52 
26 30 38 
22 32 34 
32 38 40 
22 26 34 
20 17 32 
22 14 35 
18 14 25 
11 15 21 
8 10 14 
0 14 7 
8 23 24 
39 29 45 
36 28 37 
27 33 32 
26 52 32 
46 48 50 
44 35 50 
34 35 45 
28 36 38 
46 34 48 
50 34 49 
29 29 33 
28 41 34 
47 49 49 
48 40 54 
39 24 46 
38 22 42 
25 30 31 
26 30 35 
28 34 35 
32 43 38 
38 54 48 
42 64 57 
59 56 61 
58 44 71 
50 45 58 
44 46 50 
54 46 56 
42 49 46 
42 52 51 
46 51 57 
51 48 54 
44 41 50 
34 41 41 
29 37 38 
36 39 41 
38 52 46 
52 39 60 
39 35 50 
40 38 58 
38 43 47 
38 50 49 
41 44 52 
44 45 47 
42 52 47 
58 56 61 
66 42 70 
47 34 55 
32 49 42 
23 34 37 
28 35 35 
28 45 39 
48 37 53 
44 34 45 
38 30 40 
38 42 41 
51 44 54 
49 39 52 
41 45 49 
42 49 53 
44 55 54 
46 59 56 
47 62 60 
52 66 67 
53 52 64 
50 61 59 
57 60 61 
67 48 71 
56 49 63 
46 60 58 
49 71 60 
42 55 54 
46 45 54 
45 46 54 
45 46 52 
50 46 56 
48 46 48 
46 51 53 
48 54 54 
46 50 50 
46 51 52 
52 62 51 
49 57 54 
54 56 58 
53 54 62 
56 57 57 
58 60 63 
58 62 68 
60 55 62 
64 44 65 
52 45 52 
48 58 55 
58 51 58 
53 53 56 
57 54 64 
58 56 65 
60 64 60 
58 65 61 
62 65 67 
56 73 66 
71 75 75 
72 73 80 
70 74 80 
78 73 82 
62 71 79 
65 75 75 
76 73 78 
64 71 75 
60 68 70 
65 70 67 
70 67 75 
64 70 68 
71 71 74 
72 59 75 
64 61 60 
58 63 63 
60 77 67 
57 81 74 
66 69 73 
62 70 66 
65 76 69 
70 79 74 
70 70 70 
66 73 71 
66 73 74 
70 76 77 
72 82 74 
74 74 80 
62 72 77 
66 71 76 
66 72 76 
66 77 75 
71 81 77 
74 80 75 
73 64 72 
78 68 75 
72 68 76 
70 66 73 
68 65 70 
68 66 71 
73 73 75 
75 77 78 
78 78 83 
73 77 83 
68 77 77 
62 72 69 
62 71 73 
68 80 73 
70 81 75 
78 76 78 
74 78 81 
82 68 84 
78 67 83 
78 72 82 
78 80 83 
70 80 78 
68 79 77 
72 82 81 
84 81 84 
80 81 88 
76 82 85 
76 81 83 
82 79 81 
78 79 83 
78 77 85 
78 76 77 
75 73 79 
70 73 75 
70 75 75 
68 77 74 
68 80 73 
71 81 74 
74 79 76 
80 75 80 
74 73 78 
72 78 79 
72 78 79 
71 79 81 
83 83 83 
88 79 83 
74 78 89 
81 76 86 
78 73 85 
72 80 83 
74 79 81 
74 78 79 
76 75 81 
75 72 77 
72 67 80 
68 67 72 
66 71 72 
72 77 78 
75 76 78 
79 74 83 
74 76 82 
74 77 81 
76 78 83 
68 77 78 
72 70 82 
70 68 74 
68 68 74 
62 66 71 
62 70 73 
64 75 75 
66 83 76 
72 82 78 
74 76 80 
81 72 83 
72 66 82 
70 64 75 
60 67 70 
66 75 74 
74 69 79 
60 69 68 
59 74 67 
62 74 67 
72 69 76 
68 72 73 
72 75 75 
69 70 76 
66 73 76 
68 70 76 
56 70 65 
52 74 62 
50 63 64 
64 61 69 
58 55 63 
54 62 61 
54 62 58 
53 61 59 
53 61 60 
62 62 66 
53 68 65 
50 70 60 
52 66 64 
57 59 66 
55 53 63 
56 55 58 
47 58 56 
46 64 55 
52 57 60 
56 48 60 
46 52 55 
44 62 55 
52 69 61 
65 75 72 
62 66 74 
64 60 75 
52 51 66 
65 46 63 
54 49 52 
50 57 53 
52 49 55 
39 45 48 
37 48 45 
36 47 48 
47 52 47 
45 64 52 
54 49 65 
39 48 49 
40 68 49 
56 60 62 
54 58 65 
46 52 54 
40 56 53 
46 56 52 
38 54 47 
46 56 54 
47 50 54 
41 52 48 
49 45 52 
38 42 44 
50 46 51 
46 51 54 
44 46 52 
51 50 53 
49 58 55 
46 53 54 
44 34 50 
40 29 38 
32 32 39 
35 33 39 
36 41 40 
34 39 43 
39 37 50 
40 40 45 
36 38 45 
35 46 45 
40 51 56 
41 40 54 
49 38 48 
42 37 46 
38 32 44 
31 30 43 
29 33 44 
32 33 42 
34 25 43 
34 21 40 
29 22 35 
21 21 32 
21 28 32 
34 20 40 
36 12 39 
28 11 38 
24 4 27 
10 14 22 
24 20 32 
42 6 45 
20 1 27 
22 21 27 
31 28 35 
32 31 43 
36 31 43 
38 36 43 
34 36 43 
28 41 42 
47 24 50 
34 32 37 
31 33 40 
32 31 37 
31 32 38 
34 28 44 
28 34 38 
38 29 41 
39 13 44 
28 8 30 
26 5 29 
19 9 23 
11 11 21 
10 26 19 
18 38 34 
46 34 47 
50 24 57 
40 22 47 
22 28 31 
28 28 34 
26 34 37 
31 37 40 
34 33 40 
37 36 44 
34 41 43 
45 50 45 
39 42 46 
35 39 40 
36 36 37 
39 38 44 
44 32 50 
39 28 40 
34 27 37 
34 25 39 
27 26 34 
21 37 30 
32 30 40 
29 19 39 
24 21 30 
25 22 28 
32 31 37 
34 38 43 
28 41 39 
34 26 50 
22 19 32 
16 30 26 
16 42 39 
26 39 35 
28 35 35 
24 41 35 
30 31 41 
30 36 32 
30 47 34 
34 55 49 
46 52 59 
36 56 47 
30 58 41 
45 59 50 
50 49 55 
57 37 64 
59 28 54 
36 35 40 
40 41 45 
44 54 53 
56 43 62 
44 31 50 
28 27 32 
14 35 24 
18 46 26 
25 59 36 
38 55 49 
52 47 53 
39 36 54 
28 30 35 
14 25 23 
16 27 24 
22 28 27 
30 24 27 
22 25 23 
26 30 32 
32 43 38 
25 39 37 
32 41 41 
39 46 43 
40 44 51 
28 33 37 
26 40 33 
33 62 47 
36 44 52 
31 55 40 
38 47 45 
39 43 44 
41 42 51 
41 42 45 
36 40 40 
34 47 43 
44 52 52 
44 50 56 
42 50 48 
40 44 55 
40 45 47 
47 46 46 
42 53 49 
51 67 56 
62 60 64 
70 48 71 
60 49 67 
47 52 57 
48 57 57 
51 72 58 
72 63 73 
66 57 66 
45 59 56 
46 58 50 
52 61 58 
45 49 51 
42 49 53 
50 55 56 
56 57 54 
48 66 52 
53 67 57 
59 52 64 
70 50 72 
70 43 75 
53 45 60 
46 51 62 
55 46 69 
54 46 58 
49 49 56 
48 51 55 
58 51 60 
57 48 52 
48 46 51 
43 52 55 
52 56 56 
51 57 57 
48 59 57 
46 65 49 
47 61 57 
52 66 61 
65 74 68 
73 73 78 
78 63 84 
73 47 79 
56 56 60 
52 58 61 
51 61 57 
60 59 63 
59 58 63 
52 61 58 
54 62 65 
58 65 65 
60 67 65 
51 66 59 
54 64 58 
64 63 67 
64 66 69 
58 70 67 
55 71 64 
60 79 63 
53 67 63 
48 65 55 
61 67 59 
62 68 62 
66 76 67 
68 77 76 
78 83 81 
80 84 85 
82 78 86 
69 80 77 
62 80 70 
64 77 66 
64 78 70 
76 74 78 
80 71 79 
75 69 77 
72 68 77 
68 78 76 
78 75 80 
78 67 78 
72 63 76 
66 65 72 
63 64 69 
64 69 70 
66 74 75 
76 74 81 
78 74 78 
79 76 80 
75 73 80 
70 74 78 
70 77 78 
70 81 74 
66 76 74 
74 71 77 
70 75 74 
72 76 76 
75 78 80 
76 75 83 
64 79 85 
62 68 69 
71 71 76 
74 69 78 
75 68 79 
77 75 81 
78 79 85 
78 79 86 
76 81 84 
73 80 82 
70 80 75 
59 70 68 
60 72 67 
65 75 71 
66 76 72 
72 73 78 
64 72 72 
64 73 73 
68 76 77 
74 77 82 
76 77 78 
73 73 78 
75 62 77 
70 70 74 
66 70 70 
64 69 68 
68 71 72 
68 72 75 
72 73 76 
69 72 76 
68 69 71 
72 69 77 
68 73 75 
68 76 71 
72 78 79 
66 77 76 
72 75 78 
77 75 80 
72 77 75 
72 79 79 
76 73 81 
70 70 76 
66 66 73 
62 63 71 
60 67 70 
62 70 71 
62 72 70 
58 69 66 
63 71 69 
64 69 73 
57 60 63 
56 63 61 
58 71 64 
66 72 71 
76 62 77 
67 58 67 
64 62 65 
61 64 65 
58 63 63 
60 60 65 
62 64 66 
66 66 69 
65 68 74 
70 70 76 
74 75 74 
71 77 76 
71 75 75 
67 68 71 
64 72 74 
68 77 75 
70 83 76 
62 83 74 
71 84 78 
72 82 80 
74 80 79 
73 81 76 
74 64 78 
65 64 69 
54 63 62 
52 61 60 
51 60 59 
53 71 63 
55 73 64 
64 67 66 
70 66 74 
60 65 75 
68 70 74 
70 66 75 
70 67 74 
68 61 74 
60 59 69 
49 58 60 
48 64 60 
60 64 67 
63 58 70 
54 53 58 
44 60 50 
56 59 61 
56 61 64 
60 65 65 
58 69 67 
61 61 67 
62 52 68 
69 46 70 
64 46 62 
54 48 56 
51 45 55 
50 38 62 
58 40 64 
55 44 54 
45 37 51 
42 40 51 
61 48 65 
64 43 63 
46 46 51 
49 47 56 
57 38 56 
40 39 45 
36 38 44 
36 34 47 
33 24 38 
28 32 31 
32 38 39 
34 36 43 
38 40 42 
35 44 44 
40 36 50 
33 42 42 
34 42 45 
46 34 49 
37 41 42 
44 36 50 
45 29 46 
34 39 37 
36 48 43 
46 44 50 
42 38 46 
35 44 45 
28 52 45 
47 41 53 
34 47 46 
39 41 47 
33 44 44 
32 44 45 
37 55 46 
45 36 56 
42 31 50 
36 24 41 
29 28 37 
32 26 33 
32 28 34 
31 31 37 
34 24 40 
26 30 26 
23 22 27 
18 29 24 
21 37 31 
18 36 35 
25 43 41 
39 43 50 
34 32 43 
26 36 36 
23 36 43 
28 26 43 
31 20 39 
27 12 33 
16 1 26 
9 2 21 
5 8 15 
2 12 17 
7 7 20 
2 6 15 
2 -4 13 
2 0 20 
18 12 23 
20 6 24 
13 5 14 
5 8 10 
4 21 12 
26 34 24 
34 31 37 
24 43 37 
40 41 47 
48 19 53 
40 11 39 
16 13 20 
14 17 23 
26 18 31 
32 12 29 
22 24 25 
25 34 33 
37 39 45 
38 40 46 
34 46 44 
34 34 49 
31 29 36 
22 34 29 
24 42 32 
38 43 46 
40 34 51 
32 24 41 
26 23 30 
22 37 26 
36 22 39 
23 14 29 
16 32 24 
33 20 38 
32 5 33 
24 12 32 
24 14 38 
24 14 29 
21 23 33 
39 18 45 
40 17 54 
36 16 47 
26 21 32 
37 34 44 
40 43 54 
43 29 47 
29 26 34 
33 27 39 
32 49 43 
58 50 57 
58 31 67 
38 35 48 
32 39 39 
44 42 49 
36 42 42 
42 41 48 
38 51 48 
50 48 52 
48 40 52 
38 39 39 
41 38 43 
39 39 39 
38 37 38 
32 36 40 
34 30 36 
32 29 36 
32 32 36 
34 32 36 
34 34 39 
30 38 38 
32 27 37 
32 35 36 
34 39 40 
32 34 35 
28 38 38 
21 42 36 
26 40 40 
29 33 34 
32 33 34 
38 36 41 
36 34 42 
39 36 43 
32 34 39 
31 42 42 
32 45 41 
46 47 45 
44 43 51 
53 41 53 
46 45 49 
47 30 52 
34 33 38 
37 37 41 
48 31 48 
35 33 40 
34 32 50 
39 30 43 
36 30 39 
36 35 41 
34 37 45 
37 53 44 
42 58 55 
58 43 71 
47 38 61 
34 33 41 
44 31 50 
44 36 43 
44 34 46 
38 43 44 
42 46 44 
46 47 51 
46 52 56 
46 53 57 
53 57 56 
52 46 56 
60 51 63 
51 49 55 
60 42 59 
50 45 54 
44 60 48 
52 73 64 
72 75 78 
76 62 81 
76 68 78 
64 70 69 
58 59 61 
57 61 66 
56 69 64 
59 69 66 
62 62 60 
60 49 67 
46 47 57 
52 56 53 
62 68 62 
70 61 75 
56 63 60 
64 61 64 
54 59 62 
47 62 53 
65 50 69 
63 57 69 
58 61 62 
68 66 70 
62 73 73 
70 78 76 
75 80 81 
57 84 68 
52 80 60 
